38

1 2
1 3
1 5
1 8
1 11
1 29

2 1
2 3
2 4
2 6
2 8
2 12
2 14
2 16
2 26
2 27
2 30
2 31
2 34

3 1
3 2
3 4
3 10
3 15
3 17
3 22

4 2
4 3
4 5
4 7
4 9
4 12
4 18
4 23
4 28
4 32

5 1
5 4
5 6
5 7
5 17
5 19
5 20

6 2
6 5

7 4
7 5
7 9
7 13
7 21

8 1
8 2
8 10
8 15
8 24
8 27
8 29

9 4
9 7
9 11

10 3
10 8
10 14
10 37

11 1
11 9
11 13
11 25
11 32
11 34

12 2
12 4
12 16
12 26
12 35

13 7
13 11
13 18
13 19
13 35

14 2
14 10
14 20

15 3
15 8
15 36

16 2 
16 12

17 3
17 5
17 33

18 4
18 13
18 25

19 5
19 13
19 21
19 23

20 5
20 14
20 37

21 7
21 19
21 31

22 3
22 13
22 24
22 36

23 4
23 19

24 8
24 22

25 11
25 18
25 28

26 2
26 12

27 2
27 8
27 30

28 4
28 25

29 1
29 8
29 33

30 2
30 27

31 2 
31 21
31 38

32 4
32 11

33 17
33 29

34 2
34 11
34 38

35 12
35 13

36 15
36 22

37 10
37 20

38 31
38 34
